-2.26 -0.58 5.9 0.3 0.56 -0.07
-2.00 2.51 5.26 0.83 0.45 -0.22
-0.36 -5.85 0.77 0.47 0.27 0.21
-0.95 -1.91 4.7 -0.54 0.38 0.10
-2.00 2.51 5.26 0.83 0.45 -0.22
0.41 7.09 1.21 0.54 -0.02 -0.12
0.70 -1.11 -0.45 -0.94 -0.29 0.02
-2.95 -5.59 -2.16 0.34 -0.15 0.21
0.84 -7.37 0.59 0.13 0.38 0.11
-1.63 0.38 -4.72 0.59 -0.03 -0.04
-1.08 1.66 1.24 -0.92 -0.03 0.11
0.38 5.78 3.90 0.46 -0.06 -0.25
3.75 -0.31 1.71 0.75 0.53 -0.08
1.80 1.93 4.92 0.99 0.33 -0.14
-0.36 -1.81 0.85 1.01 0.26 -0.04
-0.10 -6.26 0.83 0.52 0.22 0.11
-2.17 -0.42 0.45 -0.65 -0.49 -0.03
0.57 -2.11 5.43 -0.55 0.23 0.10
-2.37 5.58 -0.35 -0.40 0.00 -0.08
-2.42 5.73 0.16 -0.22 0.19 -0.14
-3.84 0.19 5.03 0.13 0.20 0.10
